683	
681	
308	
288	
489	
418	
271	
361	
298	
281	
1057	
163	
159	
642	
340	
568	
248	
346	
296	
774	
734	
471	
351	
359	
425	
737	
305	
465	
253	
158	
1055	
1153	
317	
750	
247	
1088	
246	
1231	
562	
360	
1168	
280	
1087	
527	
727	
544	
259	
157	
294	
1066	
616	
276	
490	
362	
505	
269	
353	
723	
249	
320	
444	
285	
484	
369	
772	
325	
293	
286	
411	
800	
161	
428	
1197	
708	
370	
250	
266	
510	
302	
358	
499	
776	
635	
379	
549	
277	
604	
1056	
469	
582	
251	
760	
702	
356	
261	
660	
156	
254	
422	
348	
270	
311	
252	
1121	
408	
265	
742	
759	
333	
1136	
1165	
243	
1265	
694	
267	
531	
1244	
1060	
716	
366	
1188	
426	
323	
1062	
272	
758	
1229	
314	
1102	
487	
1245	
1099	
1167	
1516	
1506	
1270	
1272	
1199	
1182	
656	
651	
644	
569	
545	
533	
1059	 
277	
348	
186	
253	
545	
428	
285	
642	
346	
252	
490	
1246	
772	
651	
340	
362	
702	
510	
351	
269	
161	
379	
716	
358	
759	
426	
281	
286	
267	
270	
333	
314	
280	
266	
159	
1236	
727	
1062	
1197	
431	
681	
708	
1136	
694	
1188	
308	
243	
158	
317	
568	
325	
489	
271	
305	
612	
323	
311	
256	
1229	
1474	
1469	
1369	
1285	
1273	
1198	
631	 
642	
253	
348	
269	
588	
545	
1152	
1167	
277	
694	
490	
772	
314	
505	
362	
1102	
711	
353	
631	
323	
759	
281	
1099	
1120	
1279	
286	
317	
252	
261	
489	
333	
716	
1135	
285	
270	
346	
325	
340	
298	
369	
1100	
426	
266	
635	
186	
1236	
1214	
243	
272	
366	
708	
428	
351	
465	
1197	
159	
280	
1083	
737	
1215	
1086	
356	
161	
1229	
361	
634	
1166	
250	
296	
1429	
1057	
163	
339	
305	
683	
727	
1188	
1066	
1084	
579	
618	
1062	
586	
1244	
359	
158	
244	
570	
311	
604	
1060	
358	
1198	
681	
536	
1153	
549	
1245	
1430	
1059	
702	
1068	
742	
249	
267	
582	
1082	
584	
1495	
1069	
1303	
1511	
1533	
1490	
1485	
1479	
1421	
1350	
1327	
1251	
1176	
1259	
1070	
1050	
1045	
1133	
1134	
1119	
1118	
1085	
1065	
1067	
776	
663	
158	
253	
157	
314	
426	
269	
325	
311	
277	
340	
161	
317	
286	
270	
358	
360	
247	
708	
348	
246	
285	
339	
252	
597	
251	
772	
1428	
305	
602	
249	
308	
408	
346	
1060	
489	
1197	
266	
536	
642	
490	
568	
548	
616	
694	
428	
333	
296	
1113	
549	
280	
298	
364	
1216	
163	
272	
614	
323	
291	
742	
248	
1142	
1132	
1264	
776	
1213	
1245	
759	
505	
663	
716	
750	
159	
261	
578	
681	
1242	
723	
250	
265	
1141	
1062	
1241	
550	
1055	
1057	
353	
1445	
1522	
1398	
1322	
1225	
1211	
1236	
1077	
1076	
1075
	
244	
364	
170	
339	
156	
272	
716	
243	
254	
366	
256	
265	

245	
261	
277	
1188	
296	
311	
323	
1148	
428	
270	
362	
359	
1149	
1127	
1107	 