156
157
158
159
161
163
170
186
243
244
245
246
247
248
249
250
251
252
253
254
256
259
261
265
266
267
269
270
271
272
276
277
280
281
285
286
288
291
293
294
296
298
302
305
308
311
314
317
320
323
325
333
339
340
346
348
351
353
356
358
359
360
361
362
364
366
369
370
379
408
411
418
422
425
426
428
431
444
465
469
471
484
487
489
490
499
505
510
527
531
533
536
544
545
548
549
550
562
568
569
570
578
579
582
584
586
588
597
602
604
612
614
616
618
631
634
635
642
644
651
656
660
663
681
683
694
702
708
711
716
723
727
734
737
742
750
758
759
760
772
774
776
800
1045
1050
1055
1056
1057
1059
1060
1062
1065
1066
1067
1068
1069
1070
1075
1076
1077
1082
1083
1084
1085
1086
1087
1088
1099
1100
1102
1107
1113
1118
1119
1120
1121
1127
1132
1133
1134
1135
1136
1141
1142
1148
1149
1152
1153
1165
1166
1167
1168
1176
1182
1188
1197
1198
1199
1211
1213
1214
1215
1216
1225
1229
1231
1236
1241
1242
1244
1245
1246
1251
1259
1264
1265
1270
1272
1273
1279
1285
1303
1322
1327
1350
1369
1398
1421
1428
1429
1430
1445
1469
1474
1479
1485
1490
1495
1506
1511
1516
1522
1533
